0
1
1
1
1
1
1
1
1
1

0
0
0
0
0
0
0
0
0
1

1
0
1
1
1
1
1
1
0
1

1
0
1
1
1
1
0
0
0
1

1
0
1
1
1
1
0
1
1
1

1
0
0
0
1
1
0
1
1
1

1
1
1
1
1
1
0
1
1
1

1
1
1
1
1
1
0
1
1
1

1
1
1
1
1
1
0
1
1
1

1
1
1
1
1
1
0
0
0
0

posições:
posição:[9, 9]
posição:[9, 8]
posição:[9, 7]
posição:[9, 6]
posição:[8, 6]
posição:[7, 6]
posição:[6, 6]
posição:[5, 6]
posição:[4, 6]
posição:[3, 6]
posição:[3, 7]
posição:[3, 8]
posição:[2, 8]
posição:[1, 8]
posição:[1, 7]
posição:[1, 6]
posição:[1, 5]
posição:[1, 4]
posição:[1, 3]
posição:[1, 2]
posição:[1, 1]
posição:[1, 0]
posição:[0, 0]